int[][] grille = {
    {60,60,60,60,60,60,60,60,60,60,60,60,60,60,60,60},
    {60,60,60,60,60,60,60,60,60,61,61,61,61,61,61,61},
    {60,60,60,60,60,60,0,0,0,0,0,0,0,0,0,0},
    {60,60,60,60,0,0,0,0,0,0,0,0,0,0,0,0},
    {60,60,60,0,0,0,0,0,0,0,0,0,0,0,0,0},
    {60,60,0,0,0,0,0,0,0,0,0,0,0,0,0,0},
    {60,0,0,0,0,0,0,0,0,0,0,0,0,0,0,0},
    {60,0,0,0,0,0,0,0,0,0,0,0,0,0,0,0},
    {0,0,0,0,0,0,0,0,0,0,0,0,0,0,0,0},
    {0,0,0,0,0,0,0,0,0,0,0,0,0,0,0,0},
    {0,0,0,0,0,0,0,0,0,0,0,0,0,0,0,0},
    {0,0,0,0,0,0,0,0,0,0,0,0,0,0,0,0},
};