0,0,0,0,0,0,0,0,0,0,0,0,0,0,0,0
0,0,0,0,0,0,0,0,0,0,0,0,0,0,0,0
0,0,0,0,0,0,0,0,0,0,0,0,0,0,0,0
0,0,0,325,324,315,324,315,315,315,315,315,337,0,0,0
0,0,0,321,313,338,313,338,338,338,338,338,318,0,0,0
0,0,0,321,338,338,338,338,338,338,338,318,338,0,0,0
0,0,0,321,319,322,338,338,338,338,317,338,318,0,0,0
0,0,0,321,338,338,338,338,338,338,338,338,318,0,0,0
0,0,0,321,338,338,338,338,338,338,338,338,318,0,0,0
0,0,0,321,338,338,338,338,338,338,338,338,318,0,0,0
0,0,0,321,338,338,338,338,338,338,338,338,318,0,0,0
0,0,0,314,326,326,326,339,340,326,326,326,316,0,0,0