640,636,636,636,636,636,636,636,636,636,636,636,636,636,636,644,
635,610,610,610,610,610,610,610,610,610,610,610,610,610,610,635,
635,622,622,622,622,622,622,622,622,622,622,622,622,622,622,635,
635,612,612,612,612,612,612,612,612,612,612,612,612,612,612,635,
635,612,612,612,612,612,612,612,612,612,612,612,612,612,612,635,
635,612,612,612,612,612,612,612,612,612,612,612,612,612,612,635,
635,612,612,612,612,612,612,612,612,612,612,612,612,612,612,635,
635,612,612,612,612,612,612,612,612,612,612,612,612,612,612,635,
635,612,612,612,612,612,612,612,612,612,612,612,612,612,612,635,
635,612,612,612,612,612,612,612,612,612,612,612,612,612,612,635,
64,636,636,636,636,636,636,636,636,636,636,636,636,636,636,69,
610,610,610,610,610,610,610,610,610,610,610,610,610,610,610,610
